time	Ix(U2:Ano)	Ix(U3:Cath)
0.000000000000000e+00	-1.664489e-13	-1.622546e-12
1.621428571428572e-10	-2.028529e-09	1.863624e-09
3.242857142857143e-10	-5.589140e-09	5.190984e-09
4.864285714285715e-10	-1.068200e-08	9.980460e-09
6.485714285714286e-10	-1.730711e-08	1.623205e-08
8.107142857142857e-10	-2.546446e-08	2.394576e-08
9.728571428571430e-10	-3.515407e-08	3.312158e-08
1.135000000000000e-09	-4.637592e-08	4.375951e-08
1.402142857142859e-09	-5.929541e-08	5.626344e-08
1.669285714285719e-09	-7.056258e-08	6.719695e-08
1.936428571428579e-09	-8.017742e-08	7.656003e-08
2.203571428571438e-09	-8.813994e-08	8.435269e-08
2.470714285714298e-09	-9.445013e-08	9.057492e-08
2.737857142857157e-09	-9.910800e-08	9.522672e-08
3.005000000000017e-09	-1.021135e-07	9.830810e-08
3.620714285714292e-09	-1.073329e-07	1.034950e-07
4.236428571428568e-09	-1.116289e-07	1.077389e-07
4.852142857142843e-09	-1.150013e-07	1.110397e-07
5.467857142857118e-09	-1.174502e-07	1.133976e-07
6.083571428571393e-09	-1.189757e-07	1.148125e-07
6.699285714285668e-09	-1.195777e-07	1.152843e-07
7.314999999999943e-09	-1.192562e-07	1.148131e-07
1.003499999999988e-08	-1.201873e-07	1.150997e-07
2.027500000000052e-08	-1.213337e-07	1.137958e-07
3.051500000000173e-08	-1.223390e-07	1.124333e-07
4.075499999999979e-08	-1.233090e-07	1.111186e-07
5.099499999999785e-08	-1.242450e-07	1.098500e-07
6.123499999999592e-08	-1.251483e-07	1.086260e-07
7.147499999999397e-08	-1.260199e-07	1.074451e-07
8.171499999999203e-08	-1.268610e-07	1.063056e-07
9.195499999999009e-08	-1.276725e-07	1.052061e-07
1.021949999999882e-07	-1.284557e-07	1.041452e-07
1.124349999999862e-07	-1.292114e-07	1.031216e-07
1.226749999999889e-07	-1.299407e-07	1.021340e-07
1.329150000000005e-07	-1.306444e-07	1.011810e-07
1.431550000000121e-07	-1.313234e-07	1.002615e-07
1.533950000000237e-07	-1.319786e-07	9.937436e-08
1.636350000000353e-07	-1.326108e-07	9.851833e-08
1.738750000000469e-07	-1.332209e-07	9.769238e-08
1.841150000000585e-07	-1.338096e-07	9.689543e-08
1.943550000000701e-07	-1.343777e-07	9.612647e-08
2.045950000000818e-07	-1.349258e-07	9.538451e-08
2.148350000000934e-07	-1.354548e-07	9.466862e-08
2.250750000001050e-07	-1.359651e-07	9.397787e-08
2.353150000001166e-07	-1.364576e-07	9.331139e-08
2.455550000001282e-07	-1.369328e-07	9.266830e-08
2.557950000001398e-07	-1.373914e-07	9.204780e-08
2.660350000001514e-07	-1.378339e-07	9.144910e-08
2.762750000001630e-07	-1.382608e-07	9.087141e-08
2.865150000001746e-07	-1.386728e-07	9.031402e-08
2.967550000001862e-07	-1.390703e-07	8.977620e-08
3.069950000001978e-07	-1.394539e-07	8.925727e-08
3.172350000002095e-07	-1.398240e-07	8.875656e-08
3.274750000002211e-07	-1.401811e-07	8.827345e-08
3.377150000002327e-07	-1.405257e-07	8.780729e-08
3.479550000002443e-07	-1.408583e-07	8.735750e-08
3.581950000002559e-07	-1.411791e-07	8.692351e-08
3.684350000002675e-07	-1.414887e-07	8.650476e-08
3.786750000002791e-07	-1.417875e-07	8.610072e-08
3.889150000002907e-07	-1.420757e-07	8.571087e-08
3.991550000003023e-07	-1.423539e-07	8.533470e-08
4.093950000003140e-07	-1.426223e-07	8.497175e-08
4.196350000003256e-07	-1.428812e-07	8.462154e-08
4.298750000003372e-07	-1.431311e-07	8.428363e-08
4.401150000003488e-07	-1.433722e-07	8.395758e-08
4.503550000003604e-07	-1.436049e-07	8.364299e-08
4.605950000003720e-07	-1.438294e-07	8.333944e-08
4.708350000003836e-07	-1.440460e-07	8.304655e-08
4.810750000003728e-07	-1.442550e-07	8.276395e-08
4.913150000003302e-07	-1.444566e-07	8.249127e-08
5.015550000002876e-07	-1.446512e-07	8.222816e-08
5.117950000002450e-07	-1.448390e-07	8.197430e-08
5.220350000002024e-07	-1.450202e-07	8.172935e-08
5.322750000001598e-07	-1.451950e-07	8.149300e-08
5.425150000001172e-07	-1.453637e-07	8.126495e-08
5.527550000000746e-07	-1.455264e-07	8.104491e-08
5.629950000000320e-07	-1.456835e-07	8.083259e-08
5.732349999999894e-07	-1.458350e-07	8.062774e-08
5.834749999999468e-07	-1.459813e-07	8.043007e-08
5.937149999999042e-07	-1.461223e-07	8.023934e-08
6.039549999998616e-07	-1.462585e-07	8.005532e-08
6.141949999998190e-07	-1.463898e-07	7.987775e-08
6.244349999997764e-07	-1.465166e-07	7.970642e-08
6.346749999997338e-07	-1.466389e-07	7.954110e-08
6.449149999996912e-07	-1.467569e-07	7.938159e-08
6.551549999996486e-07	-1.468707e-07	7.922769e-08
6.653949999996060e-07	-1.469806e-07	7.907919e-08
6.756349999995634e-07	-1.470866e-07	7.893589e-08
6.858749999995208e-07	-1.471889e-07	7.879763e-08
6.961149999994782e-07	-1.472876e-07	7.866423e-08
7.063549999994356e-07	-1.473828e-07	7.853551e-08
7.165949999993930e-07	-1.474747e-07	7.841131e-08
7.268349999993504e-07	-1.475634e-07	7.829148e-08
7.370749999993078e-07	-1.476489e-07	7.817584e-08
7.473149999992652e-07	-1.477315e-07	7.806428e-08
7.575549999992226e-07	-1.478111e-07	7.795663e-08
7.677949999991800e-07	-1.478880e-07	7.785275e-08
7.780349999991374e-07	-1.479622e-07	7.775253e-08
7.882749999990948e-07	-1.480337e-07	7.765582e-08
7.985149999990522e-07	-1.481027e-07	7.756251e-08
8.087549999990096e-07	-1.481694e-07	7.747248e-08
8.189949999989670e-07	-1.482336e-07	7.738561e-08
8.292349999989244e-07	-1.482957e-07	7.730178e-08
8.394749999988818e-07	-1.483555e-07	7.722091e-08
8.497149999988392e-07	-1.484132e-07	7.714287e-08
8.599549999987966e-07	-1.484690e-07	7.706757e-08
8.701949999987540e-07	-1.485227e-07	7.699492e-08
8.804349999987114e-07	-1.485746e-07	7.692481e-08
8.906749999986688e-07	-1.486247e-07	7.685717e-08
9.009149999986262e-07	-1.486729e-07	7.679191e-08
9.111549999985836e-07	-1.487195e-07	7.672893e-08
9.213949999985410e-07	-1.487645e-07	7.666817e-08
9.316349999984984e-07	-1.488079e-07	7.660954e-08
9.418749999984558e-07	-1.488498e-07	7.655296e-08
9.521149999984132e-07	-1.488901e-07	7.649838e-08
9.623549999984625e-07	-1.489291e-07	7.644571e-08
9.725949999985284e-07	-1.489667e-07	7.639489e-08
9.828349999985942e-07	-1.490030e-07	7.634586e-08
9.930749999986600e-07	-1.490380e-07	7.629855e-08
1.001165000000001e-06	-1.477621e-07	7.504787e-08
1.001284285714285e-06	-1.450988e-07	7.257118e-08
1.001403571428569e-06	-1.415787e-07	6.927594e-08
1.001522857142852e-06	-1.372019e-07	6.516217e-08
1.001642142857136e-06	-1.319685e-07	6.022986e-08
1.001761428571420e-06	-1.258784e-07	5.447902e-08
1.001880714285704e-06	-1.189315e-07	4.790964e-08
1.001999999999987e-06	-1.111280e-07	4.052172e-08
1.001999999999997e-06	-1.192093e-07	3.941518e-08
1.002000000000017e-06	-9.685755e-08	5.431634e-08
1.002000000000027e-06	-1.067917e-07	4.189871e-08
1.002000000000047e-06	-1.241763e-07	3.196460e-08
1.002000000000057e-06	-1.192093e-07	3.693165e-08
1.002000000000077e-06	-1.005960e-07	4.934051e-08
1.002000000000117e-06	-9.809931e-08	5.059105e-08
1.002000000000197e-06	-1.080334e-07	4.314047e-08
1.002000000000217e-06	-1.030664e-07	5.059105e-08
1.002000000000227e-06	-1.005828e-07	5.431634e-08
1.002010000000227e-06	-1.087681e-07	4.334870e-08
1.002020000000227e-06	-1.098218e-07	3.928162e-08
1.002184285714514e-06	-1.002575e-07	3.012289e-08
1.002348571428801e-06	-9.161485e-08	2.181913e-08
1.002512857143087e-06	-8.389371e-08	1.437033e-08
1.002677142857374e-06	-7.709412e-08	7.776487e-09
1.002841428571661e-06	-7.121608e-08	2.037609e-09
1.003005714285948e-06	-6.625959e-08	-2.846307e-09
1.003170000000234e-06	-6.222466e-08	-6.875262e-09
1.003180000000234e-06	-6.197715e-08	-7.120357e-09
1.003585714285951e-06	-5.443737e-08	-1.463540e-08
1.003991428571668e-06	-4.804608e-08	-2.099895e-08
1.004397142857385e-06	-4.280327e-08	-2.621099e-08
1.004802857143102e-06	-3.870894e-08	-3.027152e-08
1.005208571428819e-06	-3.576310e-08	-3.318056e-08
1.005614285714536e-06	-3.396573e-08	-3.493809e-08
1.006020000000253e-06	-3.331684e-08	-3.554412e-08
1.007075714285974e-06	-3.174192e-08	-3.691305e-08
1.008131428571695e-06	-3.046792e-08	-3.797224e-08
1.009187142857416e-06	-2.949486e-08	-3.872168e-08
1.010242857143137e-06	-2.882273e-08	-3.916137e-08
1.011298571428858e-06	-2.845153e-08	-3.929130e-08
1.012354285714579e-06	-2.838127e-08	-3.911149e-08
1.013410000000300e-06	-2.861193e-08	-3.862193e-08
1.013420000000300e-06	-2.861080e-08	-3.862072e-08
1.023660000000366e-06	-2.758751e-08	-3.728410e-08
1.033900000000432e-06	-2.661806e-08	-3.597593e-08
1.044140000000498e-06	-2.568272e-08	-3.471365e-08
1.054380000000564e-06	-2.478028e-08	-3.349565e-08
1.064620000000629e-06	-2.390960e-08	-3.232037e-08
1.074860000000695e-06	-2.306954e-08	-3.118633e-08
1.085100000000761e-06	-2.225902e-08	-3.009207e-08
1.095340000000827e-06	-2.147702e-08	-2.903621e-08
1.105580000000893e-06	-2.072251e-08	-2.801738e-08
1.115820000000959e-06	-1.999454e-08	-2.703430e-08
1.126060000001024e-06	-1.929216e-08	-2.608571e-08
1.136300000001090e-06	-1.861448e-08	-2.517041e-08
1.146540000001156e-06	-1.796062e-08	-2.428721e-08
1.156780000001222e-06	-1.732975e-08	-2.343501e-08
1.167020000001288e-06	-1.672106e-08	-2.261270e-08
1.177260000001353e-06	-1.613377e-08	-2.181925e-08
1.187500000001419e-06	-1.556712e-08	-2.105364e-08
1.197740000001485e-06	-1.502038e-08	-2.031489e-08
1.207980000001551e-06	-1.449286e-08	-1.960205e-08
1.218220000001617e-06	-1.398388e-08	-1.891424e-08
1.228460000001683e-06	-1.349279e-08	-1.825055e-08
1.238700000001748e-06	-1.301895e-08	-1.761015e-08
1.248940000001814e-06	-1.256176e-08	-1.699223e-08
1.259180000001880e-06	-1.212064e-08	-1.639598e-08
1.269420000001946e-06	-1.169502e-08	-1.582066e-08
1.279660000002012e-06	-1.128435e-08	-1.526553e-08
1.289900000002077e-06	-1.088811e-08	-1.472987e-08
1.300140000002143e-06	-1.050580e-08	-1.421301e-08
1.310380000002209e-06	-1.013691e-08	-1.371429e-08
1.320620000002275e-06	-9.780980e-09	-1.323307e-08
1.330860000002341e-06	-9.437553e-09	-1.276873e-08
1.341100000002407e-06	-9.106193e-09	-1.232069e-08
1.351340000002472e-06	-8.786470e-09	-1.188837e-08
1.361580000002538e-06	-8.477979e-09	-1.147122e-08
1.371820000002604e-06	-8.180323e-09	-1.106871e-08
1.382060000002670e-06	-7.893121e-09	-1.068032e-08
1.392300000002736e-06	-7.616006e-09	-1.030556e-08
1.402540000002802e-06	-7.348626e-09	-9.943957e-09
1.412780000002867e-06	-7.090635e-09	-9.595040e-09
1.423020000002933e-06	-6.841704e-09	-9.258367e-09
1.433260000002999e-06	-6.601516e-09	-8.933509e-09
1.443500000003065e-06	-6.369762e-09	-8.620051e-09
1.453740000003131e-06	-6.146148e-09	-8.317593e-09
1.463980000003196e-06	-5.930386e-09	-8.025748e-09
1.474220000003262e-06	-5.722200e-09	-7.744145e-09
1.484460000003328e-06	-5.521325e-09	-7.472425e-09
1.494700000003394e-06	-5.327504e-09	-7.210240e-09
1.504940000003460e-06	-5.140488e-09	-6.957257e-09
1.515180000003526e-06	-4.960039e-09	-6.713150e-09
1.525420000003591e-06	-4.785926e-09	-6.477611e-09
1.535660000003657e-06	-4.617927e-09	-6.250337e-09
1.545900000003723e-06	-4.455827e-09	-6.031040e-09
1.556140000003789e-06	-4.299418e-09	-5.819437e-09
1.566380000003855e-06	-4.148499e-09	-5.615261e-09
1.576620000003920e-06	-4.002881e-09	-5.418251e-09
1.586860000003986e-06	-3.862375e-09	-5.228153e-09
1.597100000004052e-06	-3.726802e-09	-5.044729e-09
1.607340000004118e-06	-3.595988e-09	-4.867740e-09
1.617580000004184e-06	-3.469768e-09	-4.696963e-09
1.627820000004250e-06	-3.347978e-09	-4.532179e-09
1.638060000004315e-06	-3.230465e-09	-4.373178e-09
1.648300000004381e-06	-3.117076e-09	-4.219757e-09
1.658540000004447e-06	-3.007669e-09	-4.071720e-09
1.668780000004513e-06	-2.902103e-09	-3.928879e-09
1.679020000004579e-06	-2.800241e-09	-3.791050e-09
1.689260000004645e-06	-2.701957e-09	-3.658059e-09
1.699500000004710e-06	-2.607122e-09	-3.529735e-09
1.709740000004776e-06	-2.515617e-09	-3.405914e-09
1.719980000004842e-06	-2.427324e-09	-3.286439e-09
1.730220000004908e-06	-2.342130e-09	-3.171156e-09
1.740460000004974e-06	-2.259927e-09	-3.059920e-09
1.750700000005039e-06	-2.180610e-09	-2.952588e-09
1.760940000005105e-06	-2.104077e-09	-2.849021e-09
1.771180000005171e-06	-2.030230e-09	-2.749091e-09
1.781420000005237e-06	-1.958976e-09	-2.652666e-09
1.791660000005303e-06	-1.890223e-09	-2.559626e-09
1.801900000005369e-06	-1.823884e-09	-2.469852e-09
1.812140000005434e-06	-1.759873e-09	-2.383228e-09
1.822380000005500e-06	-1.698108e-09	-2.299643e-09
1.832620000005566e-06	-1.638513e-09	-2.218993e-09
1.842860000005632e-06	-1.581009e-09	-2.141173e-09
1.853100000005698e-06	-1.525523e-09	-2.066083e-09
1.863340000005763e-06	-1.471985e-09	-1.993630e-09
1.873580000005829e-06	-1.420325e-09	-1.923718e-09
1.883820000005895e-06	-1.370481e-09	-1.856261e-09
1.894060000005961e-06	-1.322385e-09	-1.791171e-09
1.904300000006027e-06	-1.275977e-09	-1.728365e-09
1.914540000005940e-06	-1.231198e-09	-1.667764e-09
1.924780000005789e-06	-1.187991e-09	-1.609289e-09
1.935020000005638e-06	-1.146301e-09	-1.552867e-09
1.945260000005487e-06	-1.106073e-09	-1.498424e-09
1.955500000005336e-06	-1.067259e-09	-1.445893e-09
1.965740000005185e-06	-1.029806e-09	-1.395205e-09
1.975980000005034e-06	-9.936676e-10	-1.346296e-09
1.986220000004883e-06	-9.587977e-10	-1.299103e-09
1.996460000004732e-06	-9.251526e-10	-1.253568e-09
1.996987857145910e-06	-7.347536e-10	-1.427179e-09
1.997515714287088e-06	-6.621925e-10	-1.490942e-09
1.998043571428266e-06	-7.074694e-10	-1.444855e-09
1.998571428569444e-06	-8.705842e-10	-1.288918e-09
1.999099285710622e-06	-1.151537e-09	-1.023132e-09
1.999627142851800e-06	-1.550328e-09	-6.474959e-10
2.000154999992978e-06	-2.066956e-09	-1.620105e-10
2.000299285708266e-06	-5.641209e-09	3.160101e-09
2.000443571423555e-06	-1.026017e-08	7.486889e-09
2.000587857138843e-06	-1.592384e-08	1.281835e-08
2.000732142854132e-06	-2.263222e-08	1.915450e-08
2.000876428569421e-06	-3.038531e-08	2.649532e-08
2.001020714284709e-06	-3.918311e-08	3.484082e-08
2.001164999999998e-06	-4.902562e-08	4.419099e-08
2.001436428571422e-06	-6.177458e-08	5.654971e-08
2.001707857142847e-06	-7.288134e-08	6.734393e-08
2.001979285714271e-06	-8.234590e-08	7.657366e-08
2.002250714285696e-06	-9.016825e-08	8.423889e-08
2.002522142857120e-06	-9.634841e-08	9.033962e-08
2.002793571428545e-06	-1.008864e-07	9.487585e-08
2.003064999999970e-06	-1.037821e-07	9.784759e-08
2.003574999999962e-06	-1.082651e-07	1.023108e-07
2.004084999999954e-06	-1.120068e-07	1.060175e-07
2.004594999999947e-06	-1.150073e-07	1.089678e-07
2.005104999999939e-06	-1.172665e-07	1.111616e-07
2.005614999999932e-06	-1.187846e-07	1.125990e-07
2.006124999999924e-06	-1.195614e-07	1.132799e-07
2.006634999999917e-06	-1.195970e-07	1.132044e-07
2.006644999999917e-06	-1.196070e-07	1.132122e-07
2.016884999999766e-06	-1.218529e-07	1.130904e-07
2.027124999999615e-06	-1.228406e-07	1.117534e-07
2.037364999999464e-06	-1.237931e-07	1.104625e-07
2.047604999999313e-06	-1.247122e-07	1.092170e-07
2.057844999999162e-06	-1.255990e-07	1.080153e-07
2.068084999999011e-06	-1.264549e-07	1.068557e-07
2.078324999998860e-06	-1.272807e-07	1.057369e-07
2.088564999998709e-06	-1.280776e-07	1.046574e-07
2.098804999998558e-06	-1.288465e-07	1.036158e-07
2.109044999998407e-06	-1.295886e-07	1.026108e-07
2.119284999998256e-06	-1.303046e-07	1.016411e-07
2.129524999998105e-06	-1.309955e-07	1.007055e-07
2.139764999997953e-06	-1.316622e-07	9.980273e-08
2.150004999997802e-06	-1.323056e-07	9.893165e-08
2.160244999997651e-06	-1.329264e-07	9.809118e-08
2.170484999997500e-06	-1.335254e-07	9.728022e-08
2.180724999997349e-06	-1.341034e-07	9.649775e-08
2.190964999997198e-06	-1.346612e-07	9.574276e-08
2.201204999997047e-06	-1.351994e-07	9.501428e-08
2.211444999996896e-06	-1.357187e-07	9.431139e-08
2.221684999996745e-06	-1.362198e-07	9.363318e-08
2.231924999996594e-06	-1.367034e-07	9.297880e-08
2.242164999996443e-06	-1.371700e-07	9.234740e-08
2.252404999996292e-06	-1.376202e-07	9.173817e-08
2.262644999996141e-06	-1.380546e-07	9.115033e-08
2.272884999995990e-06	-1.384739e-07	9.058315e-08
2.283124999995839e-06	-1.388783e-07	9.003588e-08
2.293364999995688e-06	-1.392687e-07	8.950783e-08
2.303604999995537e-06	-1.396453e-07	8.899832e-08
2.313844999995386e-06	-1.400087e-07	8.850671e-08
2.324084999995235e-06	-1.403594e-07	8.803237e-08
2.334324999995084e-06	-1.406977e-07	8.757468e-08
2.344564999994933e-06	-1.410242e-07	8.713306e-08
2.354804999994782e-06	-1.413392e-07	8.670695e-08
2.365044999994631e-06	-1.416432e-07	8.629581e-08
2.375284999994480e-06	-1.419365e-07	8.589910e-08
2.385524999994329e-06	-1.422196e-07	8.551633e-08
2.395764999994178e-06	-1.424927e-07	8.514699e-08
2.406004999994027e-06	-1.427562e-07	8.479063e-08
2.416244999993876e-06	-1.430105e-07	8.444678e-08
2.426484999993725e-06	-1.432558e-07	8.411501e-08
2.436724999993574e-06	-1.434925e-07	8.379488e-08
2.446964999993423e-06	-1.437210e-07	8.348600e-08
2.457204999993272e-06	-1.439414e-07	8.318796e-08
2.467444999993121e-06	-1.441541e-07	8.290040e-08
2.477684999992970e-06	-1.443593e-07	8.262293e-08
2.487924999992819e-06	-1.445573e-07	8.235520e-08
2.498164999992668e-06	-1.447483e-07	8.209688e-08
2.508404999992517e-06	-1.449327e-07	8.184762e-08
2.518644999992366e-06	-1.451106e-07	8.160712e-08
2.528884999992215e-06	-1.452822e-07	8.137506e-08
2.539124999992064e-06	-1.454479e-07	8.115115e-08
2.549364999991913e-06	-1.456077e-07	8.093510e-08
2.559604999991762e-06	-1.457619e-07	8.072664e-08
2.569844999991611e-06	-1.459107e-07	8.052551e-08
2.580084999991460e-06	-1.460542e-07	8.033143e-08
2.590324999991309e-06	-1.461927e-07	8.014417e-08
2.600564999991158e-06	-1.463264e-07	7.996348e-08
2.610804999991007e-06	-1.464554e-07	7.978914e-08
2.621044999990856e-06	-1.465798e-07	7.962092e-08
2.631284999990705e-06	-1.466999e-07	7.945861e-08
2.641524999990554e-06	-1.468158e-07	7.930200e-08
2.651764999990403e-06	-1.469276e-07	7.915089e-08
2.662004999990252e-06	-1.470354e-07	7.900508e-08
2.672244999990100e-06	-1.471395e-07	7.886439e-08
2.682484999989949e-06	-1.472399e-07	7.872865e-08
2.692724999989798e-06	-1.473368e-07	7.859767e-08
2.702964999989647e-06	-1.474304e-07	7.847128e-08
2.713204999989496e-06	-1.475206e-07	7.834934e-08
2.723444999989345e-06	-1.476076e-07	7.823168e-08
2.733684999989194e-06	-1.476916e-07	7.811815e-08
2.743924999989043e-06	-1.477727e-07	7.800860e-08
2.754164999988892e-06	-1.478509e-07	7.790290e-08
2.764404999988741e-06	-1.479263e-07	7.780092e-08
2.774644999988590e-06	-1.479992e-07	7.770252e-08
2.784884999988439e-06	-1.480694e-07	7.760757e-08
2.795124999988288e-06	-1.481372e-07	7.751595e-08
2.805364999988137e-06	-1.482026e-07	7.742755e-08
2.815604999987986e-06	-1.482657e-07	7.734226e-08
2.825844999987835e-06	-1.483266e-07	7.725995e-08
2.836084999987684e-06	-1.483854e-07	7.718055e-08
2.846324999987533e-06	-1.484421e-07	7.710393e-08
2.856564999987382e-06	-1.484968e-07	7.702999e-08
2.866804999987231e-06	-1.485495e-07	7.695866e-08
2.877044999987080e-06	-1.486005e-07	7.688983e-08
2.887284999986929e-06	-1.486496e-07	7.682342e-08
2.897524999986778e-06	-1.486970e-07	7.675933e-08
2.907764999986627e-06	-1.487428e-07	7.669750e-08
2.918004999986476e-06	-1.487869e-07	7.663785e-08
2.928244999986325e-06	-1.488295e-07	7.658028e-08
2.938484999986174e-06	-1.488706e-07	7.652473e-08
2.948724999986023e-06	-1.489103e-07	7.647114e-08
2.958964999985872e-06	-1.489486e-07	7.641943e-08
2.969204999985721e-06	-1.489855e-07	7.636954e-08
2.979444999985570e-06	-1.490211e-07	7.632139e-08
2.989684999985419e-06	-1.490555e-07	7.627494e-08
2.999924999985268e-06	-1.490887e-07	7.623012e-08
3.000110714273086e-06	-1.494703e-07	7.658451e-08
3.000296428560904e-06	-1.496116e-07	7.671492e-08
3.000482142848723e-06	-1.495127e-07	7.662135e-08
3.000667857136541e-06	-1.491735e-07	7.630380e-08
3.000853571424360e-06	-1.485941e-07	7.576227e-08
3.001039285712178e-06	-1.477743e-07	7.499676e-08
3.001224999999996e-06	-1.467143e-07	7.400727e-08
3.001363571428568e-06	-1.425097e-07	7.008808e-08
3.001502142857140e-06	-1.374487e-07	6.534068e-08
3.001640714285711e-06	-1.315312e-07	5.976507e-08
3.001779285714282e-06	-1.247574e-07	5.336125e-08
3.001917857142854e-06	-1.171270e-07	4.612921e-08
3.002056428571426e-06	-1.086403e-07	3.806897e-08
3.002194999999997e-06	-9.929707e-08	2.918051e-08
3.002469285714279e-06	-8.676704e-08	1.701763e-08
3.002743571428561e-06	-7.585784e-08	6.402299e-09
3.003017857142843e-06	-6.656948e-08	-2.665488e-09
3.003292142857124e-06	-5.890195e-08	-1.018573e-08
3.003566428571406e-06	-5.285527e-08	-1.615842e-08
3.003840714285687e-06	-4.842941e-08	-2.058357e-08
3.004114999999969e-06	-4.562440e-08	-2.346118e-08
3.004704999999960e-06	-4.092582e-08	-2.812908e-08
3.005294999999952e-06	-3.704610e-08	-3.196020e-08
3.005884999999943e-06	-3.398524e-08	-3.495454e-08
3.006474999999934e-06	-3.174323e-08	-3.711210e-08
3.007064999999926e-06	-3.032009e-08	-3.843288e-08
3.007654999999917e-06	-2.971581e-08	-3.891687e-08
3.008244999999908e-06	-2.993038e-08	-3.856409e-08
3.010104999999881e-06	-2.915707e-08	-3.891385e-08
3.020344999999730e-06	-2.793499e-08	-3.775268e-08
3.030584999999579e-06	-2.695320e-08	-3.642819e-08
3.040824999999428e-06	-2.600607e-08	-3.515004e-08
3.051064999999277e-06	-2.509226e-08	-3.391673e-08
3.061304999999126e-06	-2.421060e-08	-3.272668e-08
3.071544999998975e-06	-2.335995e-08	-3.157838e-08
3.081784999998824e-06	-2.253922e-08	-3.047037e-08
3.092024999998673e-06	-2.174736e-08	-2.940124e-08
3.102264999998522e-06	-2.098335e-08	-2.836961e-08
3.112504999998371e-06	-2.024620e-08	-2.737417e-08
3.122744999998219e-06	-1.953498e-08	-2.641366e-08
3.132984999998068e-06	-1.884876e-08	-2.548684e-08
3.143224999997917e-06	-1.818666e-08	-2.459255e-08
3.153464999997766e-06	-1.754785e-08	-2.372963e-08
3.163704999997615e-06	-1.693149e-08	-2.289699e-08
3.173944999997464e-06	-1.633680e-08	-2.209356e-08
3.184184999997313e-06	-1.576301e-08	-2.131832e-08
3.194424999997162e-06	-1.520939e-08	-2.057028e-08
3.204664999997011e-06	-1.467523e-08	-1.984849e-08
3.214904999996860e-06	-1.415984e-08	-1.915203e-08
3.225144999996709e-06	-1.366256e-08	-1.848000e-08
3.235384999996558e-06	-1.318276e-08	-1.783155e-08
3.245624999996407e-06	-1.271982e-08	-1.720585e-08
3.255864999996256e-06	-1.227314e-08	-1.660211e-08
3.266104999996105e-06	-1.184216e-08	-1.601956e-08
3.276344999995954e-06	-1.142633e-08	-1.545745e-08
3.286584999995803e-06	-1.102510e-08	-1.491506e-08
3.296824999995652e-06	-1.063797e-08	-1.439170e-08
3.307064999995501e-06	-1.026444e-08	-1.388671e-08
3.317304999995350e-06	-9.904028e-09	-1.339943e-08
3.327544999995199e-06	-9.556279e-09	-1.292926e-08
3.337784999995048e-06	-9.220747e-09	-1.247558e-08
3.348024999994897e-06	-8.897002e-09	-1.203783e-08
3.358264999994746e-06	-8.584628e-09	-1.161543e-08
3.368504999994595e-06	-8.283226e-09	-1.120786e-08
3.378744999994444e-06	-7.992410e-09	-1.081459e-08
3.388984999994293e-06	-7.711808e-09	-1.043512e-08
3.399224999994142e-06	-7.441063e-09	-1.006897e-08
3.409464999993991e-06	-7.179825e-09	-9.715666e-09
3.419704999993840e-06	-6.927762e-09	-9.374760e-09
3.429944999993689e-06	-6.684552e-09	-9.045817e-09
3.440184999993538e-06	-6.449882e-09	-8.728417e-09
3.450424999993387e-06	-6.223454e-09	-8.422157e-09
3.460664999993236e-06	-6.004977e-09	-8.126642e-09
3.470904999993085e-06	-5.794173e-09	-7.841500e-09
3.481144999992934e-06	-5.590770e-09	-7.566363e-09
3.491384999992783e-06	-5.394511e-09	-7.300882e-09
3.501624999992632e-06	-5.205141e-09	-7.044716e-09
3.511864999992481e-06	-5.022423e-09	-6.797542e-09
3.522104999992330e-06	-4.846120e-09	-6.559040e-09
3.532344999992179e-06	-4.676007e-09	-6.328909e-09
3.542584999992028e-06	-4.511867e-09	-6.106854e-09
3.552824999991877e-06	-4.353490e-09	-5.892591e-09
3.563064999991726e-06	-4.200674e-09	-5.685848e-09
3.573304999991575e-06	-4.053223e-09	-5.486360e-09
3.583544999991424e-06	-3.910950e-09	-5.293873e-09
3.593784999991273e-06	-3.773671e-09	-5.108141e-09
3.604024999991122e-06	-3.641212e-09	-4.928927e-09
3.614264999990971e-06	-3.513404e-09	-4.756003e-09
3.624504999990820e-06	-3.390082e-09	-4.589147e-09
3.634744999990669e-06	-3.271091e-09	-4.428147e-09
3.644984999990518e-06	-3.156276e-09	-4.272797e-09
3.655224999990366e-06	-3.045492e-09	-4.122898e-09
3.665464999990215e-06	-2.938598e-09	-3.978261e-09
3.675704999990064e-06	-2.835456e-09	-3.838700e-09
3.685944999989913e-06	-2.735935e-09	-3.704036e-09
3.696184999989762e-06	-2.639907e-09	-3.574098e-09
3.706424999989611e-06	-2.547252e-09	-3.448721e-09
3.716664999989460e-06	-2.457848e-09	-3.327743e-09
3.726904999989309e-06	-2.371583e-09	-3.211011e-09
3.737144999989158e-06	-2.288346e-09	-3.098376e-09
3.747384999989007e-06	-2.208031e-09	-2.989694e-09
3.757624999988856e-06	-2.130536e-09	-2.884826e-09
3.767864999988705e-06	-2.055760e-09	-2.783638e-09
3.778104999988554e-06	-1.983610e-09	-2.686002e-09
3.788344999988403e-06	-1.913992e-09	-2.591792e-09
3.798584999988252e-06	-1.846818e-09	-2.500887e-09
3.808824999988101e-06	-1.782002e-09	-2.413175e-09
3.819064999987951e-06	-1.719461e-09	-2.328540e-09
3.829304999987800e-06	-1.659116e-09	-2.246875e-09
3.839544999987649e-06	-1.600889e-09	-2.168076e-09
3.849784999987498e-06	-1.544705e-09	-2.092043e-09
3.860024999987347e-06	-1.490494e-09	-2.018678e-09
3.870264999987196e-06	-1.438185e-09	-1.947888e-09
3.880504999987045e-06	-1.387713e-09	-1.879582e-09
3.890744999986893e-06	-1.339012e-09	-1.813674e-09
3.900984999986742e-06	-1.292020e-09	-1.750078e-09
3.911224999986591e-06	-1.246679e-09	-1.688715e-09
3.921464999986440e-06	-1.202928e-09	-1.629504e-09
3.931704999986289e-06	-1.160714e-09	-1.572373e-09
3.941944999986138e-06	-1.119981e-09	-1.517246e-09
3.952184999985987e-06	-1.080677e-09	-1.464054e-09
3.962424999985836e-06	-1.042754e-09	-1.412729e-09
3.972664999985685e-06	-1.006161e-09	-1.363204e-09
3.982904999985534e-06	-9.708530e-10	-1.315419e-09
3.993144999985383e-06	-9.367835e-10	-1.269309e-09
4.000144999999998e-06	-1.926980e-09	-2.943870e-10
4.000290714285712e-06	-5.433825e-09	2.963657e-09
4.000436428571426e-06	-1.001455e-08	7.253982e-09
4.000582142857141e-06	-1.566917e-08	1.257659e-08
4.000727857142855e-06	-2.239767e-08	1.893148e-08
4.000873571428569e-06	-3.020005e-08	2.631865e-08
4.001019285714283e-06	-3.907631e-08	3.473811e-08
4.001164999999997e-06	-4.902646e-08	4.418984e-08
4.001436428571422e-06	-6.177542e-08	5.654857e-08
4.001707857142846e-06	-7.288218e-08	6.734279e-08
4.001979285714271e-06	-8.234674e-08	7.657252e-08
4.002250714285696e-06	-9.016910e-08	8.423775e-08
4.002522142857121e-06	-9.634925e-08	9.033848e-08
4.002793571428545e-06	-1.008872e-07	9.487472e-08
4.003064999999969e-06	-1.037830e-07	9.784645e-08
4.003324999999966e-06	-1.067265e-07	1.007835e-07
4.004029285714241e-06	-1.111435e-07	1.051449e-07
4.004733571428516e-06	-1.147496e-07	1.086753e-07
4.005437857142791e-06	-1.175445e-07	1.113746e-07
4.006142142857067e-06	-1.195285e-07	1.132429e-07
4.006846428571342e-06	-1.207014e-07	1.142801e-07
4.007550714285618e-06	-1.210632e-07	1.144863e-07
4.008254999999893e-06	-1.206141e-07	1.138614e-07
4.013564999999815e-06	-1.215187e-07	1.135258e-07
4.023804999999664e-06	-1.225253e-07	1.121808e-07
4.034044999999513e-06	-1.234887e-07	1.108750e-07
4.044284999999362e-06	-1.244185e-07	1.096150e-07
4.054524999999211e-06	-1.253157e-07	1.083993e-07
4.064764999999059e-06	-1.261814e-07	1.072262e-07
4.075004999998908e-06	-1.270168e-07	1.060944e-07
4.085244999998757e-06	-1.278229e-07	1.050024e-07
4.095484999998606e-06	-1.286008e-07	1.039487e-07
4.105724999998455e-06	-1.293515e-07	1.029320e-07
4.115964999998304e-06	-1.300758e-07	1.019510e-07
4.126204999998153e-06	-1.307748e-07	1.010045e-07
4.136444999998002e-06	-1.314492e-07	1.000912e-07
4.146684999997851e-06	-1.321000e-07	9.920998e-08
4.156924999997700e-06	-1.327280e-07	9.835973e-08
4.167164999997549e-06	-1.333340e-07	9.753933e-08
4.177404999997398e-06	-1.339187e-07	9.674776e-08
4.187644999997247e-06	-1.344829e-07	9.598399e-08
4.197884999997096e-06	-1.350274e-07	9.524704e-08
4.208124999996945e-06	-1.355528e-07	9.453598e-08
4.218364999996794e-06	-1.360597e-07	9.384988e-08
4.228604999996643e-06	-1.365489e-07	9.318789e-08
4.238844999996492e-06	-1.370209e-07	9.254914e-08
4.249084999996341e-06	-1.374763e-07	9.193283e-08
4.259324999996190e-06	-1.379158e-07	9.133816e-08
4.269564999996039e-06	-1.383399e-07	9.076437e-08
4.279804999995888e-06	-1.387491e-07	9.021074e-08
4.290044999995737e-06	-1.391439e-07	8.967655e-08
4.300284999995586e-06	-1.395249e-07	8.916112e-08
4.310524999995435e-06	-1.398926e-07	8.866379e-08
4.320764999995284e-06	-1.402473e-07	8.818392e-08
4.331004999995133e-06	-1.405896e-07	8.772091e-08
4.341244999994982e-06	-1.409199e-07	8.727416e-08
4.351484999994831e-06	-1.412386e-07	8.684310e-08
4.361724999994680e-06	-1.415461e-07	8.642717e-08
4.371964999994529e-06	-1.418428e-07	8.602586e-08
4.382204999994378e-06	-1.421291e-07	8.563863e-08
4.392444999994227e-06	-1.424054e-07	8.526500e-08
4.402684999994076e-06	-1.426720e-07	8.490449e-08
4.412924999993925e-06	-1.429292e-07	8.455665e-08
4.423164999993774e-06	-1.431774e-07	8.422101e-08
4.433404999993623e-06	-1.434169e-07	8.389717e-08
4.443644999993472e-06	-1.436480e-07	8.358469e-08
4.453884999993321e-06	-1.438709e-07	8.328319e-08
4.464124999993170e-06	-1.440861e-07	8.299228e-08
4.474364999993019e-06	-1.442937e-07	8.271158e-08
4.484604999992868e-06	-1.444940e-07	8.244074e-08
4.494844999992717e-06	-1.446873e-07	8.217941e-08
4.505084999992566e-06	-1.448738e-07	8.192726e-08
4.515324999992415e-06	-1.450538e-07	8.168396e-08
4.525564999992264e-06	-1.452274e-07	8.144921e-08
4.535804999992113e-06	-1.453949e-07	8.122269e-08
4.546044999991962e-06	-1.455566e-07	8.100414e-08
4.556284999991811e-06	-1.457126e-07	8.079325e-08
4.566524999991660e-06	-1.458631e-07	8.058977e-08
4.576764999991509e-06	-1.460083e-07	8.039344e-08
4.587004999991358e-06	-1.461485e-07	8.020400e-08
4.597244999991207e-06	-1.462837e-07	8.002122e-08
4.607484999991055e-06	-1.464142e-07	7.984485e-08
4.617724999990904e-06	-1.465401e-07	7.967467e-08
4.627964999990753e-06	-1.466615e-07	7.951047e-08
4.638204999990602e-06	-1.467787e-07	7.935204e-08
4.648444999990451e-06	-1.468918e-07	7.919917e-08
4.658684999990300e-06	-1.470010e-07	7.905167e-08
4.668924999990149e-06	-1.471063e-07	7.890934e-08
4.679164999989998e-06	-1.472079e-07	7.877202e-08
4.689404999989847e-06	-1.473059e-07	7.863952e-08
4.699644999989696e-06	-1.474005e-07	7.851166e-08
4.709884999989545e-06	-1.474917e-07	7.838830e-08
4.720124999989394e-06	-1.475798e-07	7.826927e-08
4.730364999989243e-06	-1.476648e-07	7.815442e-08
4.740604999989092e-06	-1.477468e-07	7.804361e-08
4.750844999988941e-06	-1.478259e-07	7.793668e-08
4.761084999988790e-06	-1.479022e-07	7.783350e-08
4.771324999988639e-06	-1.479759e-07	7.773396e-08
4.781564999988488e-06	-1.480470e-07	7.763791e-08
4.791804999988337e-06	-1.481155e-07	7.754522e-08
4.802044999988186e-06	-1.481817e-07	7.745579e-08
4.812284999988035e-06	-1.482455e-07	7.736951e-08
4.822524999987884e-06	-1.483072e-07	7.728625e-08
4.832764999987733e-06	-1.483666e-07	7.720592e-08
4.843004999987582e-06	-1.484240e-07	7.712841e-08
4.853244999987431e-06	-1.484793e-07	7.705362e-08
4.863484999987280e-06	-1.485327e-07	7.698146e-08
4.873724999987129e-06	-1.485842e-07	7.691182e-08
4.883964999986978e-06	-1.486339e-07	7.684464e-08
4.894204999986827e-06	-1.486819e-07	7.677981e-08
4.904444999986676e-06	-1.487282e-07	7.671726e-08
4.914684999986525e-06	-1.487728e-07	7.665691e-08
4.924924999986374e-06	-1.488159e-07	7.659867e-08
4.935164999986223e-06	-1.488575e-07	7.654248e-08
4.945404999986072e-06	-1.488976e-07	7.648826e-08
4.955644999985921e-06	-1.489363e-07	7.643595e-08
4.965884999985770e-06	-1.489737e-07	7.638548e-08
4.976124999985619e-06	-1.490097e-07	7.633678e-08
4.986364999985468e-06	-1.490445e-07	7.628978e-08
4.996604999985317e-06	-1.490781e-07	7.624443e-08
4.997257857130271e-06	-1.493191e-07	7.646437e-08
4.997910714275225e-06	-1.494110e-07	7.654520e-08
4.998563571420180e-06	-1.493536e-07	7.648693e-08
4.999216428565134e-06	-1.491470e-07	7.628957e-08
4.999869285710089e-06	-1.487911e-07	7.595311e-08
5.000522142855042e-06	-1.482861e-07	7.547755e-08
5.001174999999997e-06	-1.476318e-07	7.486290e-08
5.001319285714283e-06	-1.437833e-07	7.128231e-08
5.001463571428569e-06	-1.389426e-07	6.674545e-08
5.001607857142854e-06	-1.331098e-07	6.125230e-08
5.001752142857139e-06	-1.262848e-07	5.480287e-08
5.001896428571425e-06	-1.184677e-07	4.739716e-08
5.002040714285711e-06	-1.096584e-07	3.903517e-08
5.002184999999997e-06	-9.985706e-08	2.971689e-08
5.002459285714278e-06	-8.722073e-08	1.745574e-08
5.002733571428560e-06	-7.621974e-08	6.755072e-09
5.003007857142841e-06	-6.685409e-08	-2.385113e-09
5.003282142857123e-06	-5.912378e-08	-9.964816e-09
5.003556428571405e-06	-5.302880e-08	-1.598403e-08
5.003830714285687e-06	-4.856916e-08	-2.044277e-08
5.004104999999968e-06	-4.574486e-08	-2.334102e-08
5.004486428571391e-06	-4.215132e-08	-2.692269e-08
5.004867857142814e-06	-3.908142e-08	-2.997092e-08
5.005249285714237e-06	-3.653516e-08	-3.248571e-08
5.005630714285660e-06	-3.451254e-08	-3.446707e-08
5.006012142857083e-06	-3.301355e-08	-3.591499e-08
5.006393571428506e-06	-3.203820e-08	-3.682948e-08
5.006774999999929e-06	-3.158648e-08	-3.721053e-08
5.006784999999929e-06	-3.156883e-08	-3.722632e-08
5.008246428571336e-06	-3.050739e-08	-3.796785e-08
5.009707857142743e-06	-2.964235e-08	-3.850822e-08
5.011169285714149e-06	-2.897371e-08	-3.884741e-08
5.012630714285557e-06	-2.850147e-08	-3.898543e-08
5.014092142856964e-06	-2.822563e-08	-3.892229e-08
5.015553571428371e-06	-2.814619e-08	-3.865797e-08
5.017014999999778e-06	-2.826314e-08	-3.819248e-08
5.017024999999778e-06	-2.826214e-08	-3.819116e-08
5.027264999999627e-06	-2.726765e-08	-3.685252e-08
5.037504999999476e-06	-2.630946e-08	-3.555948e-08
5.047744999999325e-06	-2.538498e-08	-3.431180e-08
5.057984999999174e-06	-2.449302e-08	-3.310790e-08
5.068224999999023e-06	-2.363244e-08	-3.194623e-08
5.078464999998872e-06	-2.280212e-08	-3.082531e-08
5.088704999998721e-06	-2.200102e-08	-2.974372e-08
5.098944999998570e-06	-2.122808e-08	-2.870008e-08
5.109184999998419e-06	-2.048233e-08	-2.769305e-08
5.119424999998268e-06	-1.976280e-08	-2.672135e-08
5.129664999998116e-06	-1.906857e-08	-2.578374e-08
5.139904999997965e-06	-1.839875e-08	-2.487903e-08
5.150144999997814e-06	-1.775248e-08	-2.400606e-08
5.160384999997663e-06	-1.712893e-08	-2.316371e-08
5.170624999997512e-06	-1.652730e-08	-2.235093e-08
5.180864999997361e-06	-1.594681e-08	-2.156666e-08
5.191104999997210e-06	-1.538673e-08	-2.080991e-08
5.201344999997059e-06	-1.484634e-08	-2.007971e-08
5.211584999996908e-06	-1.432493e-08	-1.937513e-08
5.221824999996757e-06	-1.382186e-08	-1.869527e-08
5.232064999996606e-06	-1.333646e-08	-1.803927e-08
5.242304999996455e-06	-1.286811e-08	-1.740629e-08
5.252544999996304e-06	-1.241623e-08	-1.679552e-08
5.262784999996153e-06	-1.198022e-08	-1.620617e-08
5.273024999996002e-06	-1.155953e-08	-1.563751e-08
5.283264999995851e-06	-1.115362e-08	-1.508880e-08
5.293504999995700e-06	-1.076198e-08	-1.455935e-08
5.303744999995549e-06	-1.038409e-08	-1.404847e-08
5.313984999995398e-06	-1.001948e-08	-1.355552e-08
5.324224999995247e-06	-9.667675e-09	-1.307987e-08
5.334464999995096e-06	-9.328230e-09	-1.262091e-08
5.344704999994945e-06	-9.000710e-09	-1.217806e-08
5.354944999994794e-06	-8.684692e-09	-1.175074e-08
5.365184999994643e-06	-8.379775e-09	-1.133842e-08
5.375424999994492e-06	-8.085568e-09	-1.094057e-08
5.385664999994341e-06	-7.801695e-09	-1.055668e-08
5.395904999994190e-06	-7.527792e-09	-1.018626e-08
5.406144999994039e-06	-7.263508e-09	-9.828842e-09
5.416384999993888e-06	-7.008507e-09	-9.483966e-09
5.426624999993737e-06	-6.762460e-09	-9.151190e-09
5.436864999993586e-06	-6.525056e-09	-8.830093e-09
5.447104999993435e-06	-6.295987e-09	-8.520264e-09
5.457344999993284e-06	-6.074963e-09	-8.221307e-09
5.467584999993133e-06	-5.861700e-09	-7.932842e-09
5.477824999992982e-06	-5.655927e-09	-7.654500e-09
5.488064999992831e-06	-5.457379e-09	-7.385925e-09
5.498304999992680e-06	-5.265803e-09	-7.126776e-09
5.508544999992529e-06	-5.080954e-09	-6.876721e-09
5.518784999992378e-06	-4.902596e-09	-6.635441e-09
5.529024999992227e-06	-4.730500e-09	-6.402629e-09
5.539264999992076e-06	-4.564447e-09	-6.177987e-09
5.549504999991925e-06	-4.404224e-09	-5.961228e-09
5.559744999991774e-06	-4.249626e-09	-5.752076e-09
5.569984999991623e-06	-4.100457e-09	-5.550264e-09
5.580224999991472e-06	-3.956525e-09	-5.355534e-09
5.590464999991321e-06	-3.817646e-09	-5.167638e-09
5.600704999991170e-06	-3.683644e-09	-4.986336e-09
5.610944999991019e-06	-3.554345e-09	-4.811397e-09
5.621184999990868e-06	-3.429587e-09	-4.642597e-09
5.631424999990717e-06	-3.309208e-09	-4.479721e-09
5.641664999990566e-06	-3.193055e-09	-4.322561e-09
5.651904999990415e-06	-3.080981e-09	-4.170917e-09
5.662144999990264e-06	-2.972840e-09	-4.024594e-09
5.672384999990112e-06	-2.868496e-09	-3.883406e-09
5.682624999989961e-06	-2.767816e-09	-3.747174e-09
5.692864999989810e-06	-2.670669e-09	-3.615722e-09
5.703104999989659e-06	-2.576932e-09	-3.488884e-09
5.713344999989508e-06	-2.486487e-09	-3.366497e-09
5.723584999989357e-06	-2.399217e-09	-3.248405e-09
5.733824999989206e-06	-2.315010e-09	-3.134458e-09
5.744064999989055e-06	-2.233759e-09	-3.024509e-09
5.754304999988904e-06	-2.155360e-09	-2.918419e-09
5.764544999988753e-06	-2.079714e-09	-2.816052e-09
5.774784999988602e-06	-2.006722e-09	-2.717278e-09
5.785024999988451e-06	-1.936293e-09	-2.621970e-09
5.795264999988300e-06	-1.868336e-09	-2.530008e-09
5.805504999988149e-06	-1.802765e-09	-2.441273e-09
5.815744999987998e-06	-1.739495e-09	-2.355651e-09
5.825984999987847e-06	-1.678446e-09	-2.273035e-09
5.836224999987696e-06	-1.619541e-09	-2.193318e-09
5.846464999987545e-06	-1.562703e-09	-2.116399e-09
5.856704999987394e-06	-1.507859e-09	-2.042179e-09
5.866944999987243e-06	-1.454942e-09	-1.970565e-09
5.877184999987092e-06	-1.403881e-09	-1.901463e-09
5.887424999986941e-06	-1.354613e-09	-1.834787e-09
5.897664999986790e-06	-1.307074e-09	-1.770450e-09
5.907904999986639e-06	-1.261203e-09	-1.708372e-09
5.918144999986488e-06	-1.216943e-09	-1.648472e-09
5.928384999986337e-06	-1.174237e-09	-1.590675e-09
5.938624999986186e-06	-1.133029e-09	-1.534905e-09
5.948864999986035e-06	-1.093268e-09	-1.481093e-09
5.959104999985884e-06	-1.054902e-09	-1.429170e-09
5.969344999985733e-06	-1.017883e-09	-1.379069e-09
5.979584999985582e-06	-9.821632e-10	-1.330726e-09
5.989824999985431e-06	-9.476980e-10	-1.284081e-09
6.000035000000000e-06	-9.776295e-10	-1.179947e-09
6.000193571428571e-06	-3.429769e-09	1.083978e-09
6.000352142857143e-06	-7.297573e-09	4.701142e-09
6.000510714285714e-06	-1.258104e-08	9.671545e-09
6.000669285714285e-06	-1.928018e-08	1.599519e-08
6.000827857142855e-06	-2.739498e-08	2.367207e-08
6.000986428571427e-06	-3.692544e-08	3.270219e-08
6.001144999999998e-06	-4.787157e-08	4.308554e-08
6.001413571428566e-06	-6.073360e-08	5.554191e-08
6.001682142857133e-06	-7.194664e-08	6.642976e-08
6.001950714285701e-06	-8.151069e-08	7.574910e-08
6.002219285714268e-06	-8.942574e-08	8.349992e-08
6.002487857142835e-06	-9.569179e-08	8.968224e-08
6.002756428571403e-06	-1.003089e-07	9.429604e-08
6.003024999999970e-06	-1.032769e-07	9.734133e-08
6.003644999999961e-06	-1.084368e-07	1.024720e-07
6.004264999999952e-06	-1.126816e-07	1.066679e-07
6.004884999999943e-06	-1.160113e-07	1.099290e-07
6.005504999999934e-06	-1.184259e-07	1.122555e-07
6.006124999999925e-06	-1.199253e-07	1.136473e-07
6.006744999999916e-06	-1.205096e-07	1.141043e-07
6.007364999999906e-06	-1.201787e-07	1.136266e-07
6.010244999999864e-06	-1.211054e-07	1.138904e-07
6.020484999999713e-06	-1.222054e-07	1.126143e-07
6.030724999999562e-06	-1.231801e-07	1.112932e-07
6.040964999999411e-06	-1.241207e-07	1.100186e-07
6.051204999999260e-06	-1.250283e-07	1.087887e-07
6.061444999999109e-06	-1.259041e-07	1.076020e-07
6.071684999998958e-06	-1.267492e-07	1.064569e-07
6.081924999998807e-06	-1.275647e-07	1.053522e-07
6.092164999998656e-06	-1.283517e-07	1.042862e-07
6.102404999998505e-06	-1.291110e-07	1.032576e-07
6.112644999998354e-06	-1.298438e-07	1.022652e-07
6.122884999998203e-06	-1.305509e-07	1.013076e-07
6.133124999998052e-06	-1.312332e-07	1.003837e-07
6.143364999997901e-06	-1.318915e-07	9.949223e-08
6.153604999997750e-06	-1.325268e-07	9.863206e-08
6.163844999997599e-06	-1.331399e-07	9.780211e-08
6.174084999997448e-06	-1.337314e-07	9.700131e-08
6.184324999997297e-06	-1.343022e-07	9.622863e-08
6.194564999997146e-06	-1.348530e-07	9.548310e-08
6.204804999996995e-06	-1.353845e-07	9.476373e-08
6.215044999996844e-06	-1.358973e-07	9.406965e-08
6.225284999996692e-06	-1.363922e-07	9.339993e-08
6.235524999996541e-06	-1.368697e-07	9.275374e-08
6.245764999996390e-06	-1.373305e-07	9.213024e-08
6.256004999996239e-06	-1.377751e-07	9.152863e-08
6.266244999996088e-06	-1.382041e-07	9.094816e-08
6.276484999995937e-06	-1.386180e-07	9.038807e-08
6.286724999995786e-06	-1.390175e-07	8.984765e-08
6.296964999995635e-06	-1.394029e-07	8.932621e-08
6.307204999995484e-06	-1.397748e-07	8.882309e-08
6.317444999995333e-06	-1.401337e-07	8.833763e-08
6.327684999995182e-06	-1.404800e-07	8.786922e-08
6.337924999995031e-06	-1.408141e-07	8.741726e-08
6.348164999994880e-06	-1.411365e-07	8.698117e-08
6.358404999994729e-06	-1.414476e-07	8.656040e-08
6.368644999994578e-06	-1.417478e-07	8.615440e-08
6.378884999994427e-06	-1.420374e-07	8.576266e-08
6.389124999994276e-06	-1.423169e-07	8.538468e-08
6.399364999994125e-06	-1.425866e-07	8.501997e-08
6.409604999993974e-06	-1.428468e-07	8.466807e-08
6.419844999993823e-06	-1.430979e-07	8.432852e-08
6.430084999993672e-06	-1.433402e-07	8.400090e-08
6.440324999993521e-06	-1.435740e-07	8.368478e-08
6.450564999993370e-06	-1.437995e-07	8.337977e-08
6.460804999993219e-06	-1.440172e-07	8.308546e-08
6.471044999993068e-06	-1.442272e-07	8.280149e-08
6.481284999992917e-06	-1.444298e-07	8.252749e-08
6.491524999992766e-06	-1.446254e-07	8.226312e-08
6.501764999992615e-06	-1.448141e-07	8.200803e-08
6.512004999992464e-06	-1.449961e-07	8.176189e-08
6.522244999992313e-06	-1.451718e-07	8.152440e-08
6.532484999992162e-06	-1.453413e-07	8.129525e-08
6.542724999992011e-06	-1.455048e-07	8.107414e-08
6.552964999991860e-06	-1.456626e-07	8.086080e-08
6.563204999991709e-06	-1.458149e-07	8.065495e-08
6.573444999991558e-06	-1.459618e-07	8.045633e-08
6.583684999991407e-06	-1.461036e-07	8.026468e-08
6.593924999991256e-06	-1.462404e-07	8.007977e-08
6.604164999991105e-06	-1.463724e-07	7.990134e-08
6.614404999990954e-06	-1.464997e-07	7.972918e-08
6.624644999990803e-06	-1.466226e-07	7.956307e-08
6.634884999990652e-06	-1.467412e-07	7.940279e-08
6.645124999990501e-06	-1.468556e-07	7.924813e-08
6.655364999990350e-06	-1.469660e-07	7.909891e-08
6.665604999990199e-06	-1.470725e-07	7.895493e-08
6.675844999990048e-06	-1.471753e-07	7.881601e-08
6.686084999989897e-06	-1.472745e-07	7.868196e-08
6.696324999989746e-06	-1.473702e-07	7.855262e-08
6.706564999989595e-06	-1.474625e-07	7.842782e-08
6.716804999989444e-06	-1.475516e-07	7.830740e-08
6.727044999989293e-06	-1.476376e-07	7.819121e-08
6.737284999989142e-06	-1.477205e-07	7.807910e-08
6.747524999988991e-06	-1.478006e-07	7.797092e-08
6.757764999988839e-06	-1.478778e-07	7.786655e-08
6.768004999988688e-06	-1.479523e-07	7.776585e-08
6.778244999988537e-06	-1.480242e-07	7.766867e-08
6.788484999988386e-06	-1.480936e-07	7.757491e-08
6.798724999988235e-06	-1.481605e-07	7.748444e-08
6.808964999988084e-06	-1.482251e-07	7.739715e-08
6.819204999987933e-06	-1.482874e-07	7.731292e-08
6.829444999987782e-06	-1.483476e-07	7.723165e-08
6.839684999987631e-06	-1.484056e-07	7.715324e-08
6.849924999987480e-06	-1.484616e-07	7.707757e-08
6.860164999987329e-06	-1.485156e-07	7.700457e-08
6.870404999987178e-06	-1.485677e-07	7.693413e-08
6.880644999987027e-06	-1.486180e-07	7.686616e-08
6.890884999986876e-06	-1.486665e-07	7.680057e-08
6.901124999986725e-06	-1.487134e-07	7.673729e-08
6.911364999986574e-06	-1.487585e-07	7.667624e-08
6.921604999986423e-06	-1.488021e-07	7.661733e-08
6.931844999986272e-06	-1.488442e-07	7.656048e-08
6.942084999986121e-06	-1.488848e-07	7.650564e-08
6.952324999985970e-06	-1.489239e-07	7.645271e-08
6.962564999985819e-06	-1.489617e-07	7.640165e-08
6.972804999985668e-06	-1.489982e-07	7.635237e-08
6.983044999985517e-06	-1.490334e-07	7.630483e-08
6.993284999985366e-06	-1.490673e-07	7.625896e-08
7.001164999999998e-06	-1.477899e-07	7.501029e-08
7.001310714285712e-06	-1.440046e-07	7.148996e-08
7.001456428571426e-06	-1.391986e-07	6.698624e-08
7.001602142857140e-06	-1.333717e-07	6.149914e-08
7.001747857142854e-06	-1.265242e-07	5.502866e-08
7.001893571428569e-06	-1.186559e-07	4.757479e-08
7.002039285714283e-06	-1.097668e-07	3.913753e-08
7.002184999999997e-06	-9.985706e-08	2.971689e-08
7.002366428571423e-06	-9.082596e-08	2.099299e-08
7.002547857142848e-06	-8.271238e-08	1.313295e-08
7.002729285714274e-06	-7.551634e-08	6.136748e-09
7.002910714285701e-06	-6.923783e-08	4.400870e-12
7.003092142857127e-06	-6.387685e-08	-5.264096e-09
7.003273571428552e-06	-5.943340e-08	-9.668742e-09
7.003454999999978e-06	-5.590749e-08	-1.320954e-08
7.003464999999978e-06	-5.570961e-08	-1.340637e-08
7.003919285714257e-06	-4.917826e-08	-1.992828e-08
7.004373571428536e-06	-4.368677e-08	-2.539942e-08
7.004827857142815e-06	-3.923515e-08	-2.981979e-08
7.005282142857094e-06	-3.582339e-08	-3.318940e-08
7.005736428571373e-06	-3.345149e-08	-3.550823e-08
7.006190714285652e-06	-3.211946e-08	-3.677630e-08
7.006644999999931e-06	-3.182728e-08	-3.699360e-08
7.007652142857059e-06	-3.080765e-08	-3.780192e-08
7.008659285714187e-06	-2.997453e-08	-3.841840e-08
7.009666428571315e-06	-2.932792e-08	-3.884303e-08
7.010673571428443e-06	-2.886783e-08	-3.907582e-08
7.011680714285571e-06	-2.859425e-08	-3.911675e-08
7.012687857142699e-06	-2.850719e-08	-3.896584e-08
7.013694999999827e-06	-2.860664e-08	-3.862308e-08
7.013704999999827e-06	-2.860553e-08	-3.862185e-08
7.023944999999676e-06	-2.758577e-08	-3.728174e-08
7.034184999999525e-06	-2.661637e-08	-3.597366e-08
7.044424999999374e-06	-2.568109e-08	-3.471146e-08
7.054664999999223e-06	-2.477872e-08	-3.349353e-08
7.064904999999072e-06	-2.390808e-08	-3.231833e-08
7.075144999998921e-06	-2.306808e-08	-3.118436e-08
7.085384999998770e-06	-2.225762e-08	-3.009017e-08
7.095624999998619e-06	-2.147566e-08	-2.903437e-08
7.105864999998468e-06	-2.072120e-08	-2.801561e-08
7.116104999998317e-06	-1.999327e-08	-2.703259e-08
7.126344999998166e-06	-1.929094e-08	-2.608407e-08
7.136584999998015e-06	-1.861330e-08	-2.516882e-08
7.146824999997864e-06	-1.795949e-08	-2.428568e-08
7.157064999997713e-06	-1.732866e-08	-2.343353e-08
7.167304999997562e-06	-1.672000e-08	-2.261127e-08
7.177544999997411e-06	-1.613275e-08	-2.181787e-08
7.187784999997260e-06	-1.556613e-08	-2.105230e-08
7.198024999997109e-06	-1.501943e-08	-2.031360e-08
7.208264999996958e-06	-1.449194e-08	-1.960082e-08
7.218504999996807e-06	-1.398300e-08	-1.891304e-08
7.228744999996656e-06	-1.349193e-08	-1.824940e-08
7.238984999996505e-06	-1.301813e-08	-1.760904e-08
7.249224999996354e-06	-1.256097e-08	-1.699115e-08
7.259464999996203e-06	-1.211988e-08	-1.639495e-08
7.269704999996052e-06	-1.169428e-08	-1.581966e-08
7.279944999995901e-06	-1.128364e-08	-1.526456e-08
7.290184999995749e-06	-1.088743e-08	-1.472894e-08
7.300424999995598e-06	-1.050513e-08	-1.421211e-08
7.310664999995447e-06	-1.013627e-08	-1.371342e-08
7.320904999995296e-06	-9.780361e-09	-1.323223e-08
7.331144999995145e-06	-9.436958e-09	-1.276792e-08
7.341384999994994e-06	-9.105617e-09	-1.231991e-08
7.351624999994843e-06	-8.785915e-09	-1.188762e-08
7.361864999994692e-06	-8.477443e-09	-1.147049e-08
7.372104999994541e-06	-8.179805e-09	-1.106801e-08
7.382344999994390e-06	-7.892623e-09	-1.067965e-08
7.392584999994239e-06	-7.615526e-09	-1.030491e-08
7.402824999994088e-06	-7.348161e-09	-9.943330e-09
7.413064999993937e-06	-7.090186e-09	-9.594434e-09
7.423304999993786e-06	-6.841272e-09	-9.257782e-09
7.433544999993635e-06	-6.601099e-09	-8.932945e-09
7.443784999993484e-06	-6.369360e-09	-8.619507e-09
7.454024999993333e-06	-6.145759e-09	-8.317068e-09
7.464264999993182e-06	-5.930011e-09	-8.025241e-09
7.474504999993031e-06	-5.721838e-09	-7.743656e-09
7.484744999992880e-06	-5.520977e-09	-7.471954e-09
7.494984999992729e-06	-5.327167e-09	-7.209785e-09
7.505224999992578e-06	-5.140163e-09	-6.956816e-09
7.515464999992427e-06	-4.959726e-09	-6.712726e-09
7.525704999992276e-06	-4.785624e-09	-6.477202e-09
7.535944999992125e-06	-4.617635e-09	-6.249942e-09
7.546184999991974e-06	-4.455545e-09	-6.030658e-09
7.556424999991823e-06	-4.299146e-09	-5.819071e-09
7.566664999991672e-06	-4.148238e-09	-5.614907e-09
7.576904999991521e-06	-4.002628e-09	-5.417909e-09
7.587144999991370e-06	-3.862131e-09	-5.227824e-09
7.597384999991219e-06	-3.726566e-09	-5.044409e-09
7.607624999991068e-06	-3.595761e-09	-4.867433e-09
7.617864999990917e-06	-3.469548e-09	-4.696666e-09
7.628104999990766e-06	-3.347767e-09	-4.531893e-09
7.638344999991373e-06	-3.230260e-09	-4.372902e-09
7.648584999992089e-06	-3.116879e-09	-4.219491e-09
7.658824999992806e-06	-3.007479e-09	-4.071463e-09
7.669064999993522e-06	-2.901919e-09	-3.928631e-09
7.679304999994238e-06	-2.800064e-09	-3.790811e-09
7.689544999994955e-06	-2.701786e-09	-3.657828e-09
7.699784999995671e-06	-2.606958e-09	-3.529512e-09
7.710024999996387e-06	-2.515458e-09	-3.405699e-09
7.720264999997104e-06	-2.427170e-09	-3.286231e-09
7.730504999997820e-06	-2.341982e-09	-3.170956e-09
7.740744999998536e-06	-2.259785e-09	-3.059727e-09
7.750984999999253e-06	-2.180472e-09	-2.952401e-09
7.761224999999969e-06	-2.103944e-09	-2.848842e-09
7.771465000000685e-06	-2.030102e-09	-2.748917e-09
7.781705000001402e-06	-1.958852e-09	-2.652499e-09
7.791945000002118e-06	-1.890103e-09	-2.559464e-09
7.802185000002834e-06	-1.823768e-09	-2.469696e-09
7.812425000003551e-06	-1.759762e-09	-2.383077e-09
7.822665000004267e-06	-1.698001e-09	-2.299498e-09
7.832905000004983e-06	-1.638409e-09	-2.218852e-09
7.843145000005700e-06	-1.580908e-09	-2.141037e-09
7.853385000006416e-06	-1.525426e-09	-2.065953e-09
7.863625000007132e-06	-1.471892e-09	-1.993504e-09
7.873865000007849e-06	-1.420236e-09	-1.923597e-09
7.884105000008565e-06	-1.370394e-09	-1.856144e-09
7.894345000009282e-06	-1.322301e-09	-1.791058e-09
7.904585000009998e-06	-1.275896e-09	-1.728256e-09
7.914825000010714e-06	-1.231120e-09	-1.667658e-09
7.925065000011431e-06	-1.187916e-09	-1.609187e-09
7.935305000012147e-06	-1.146229e-09	-1.552769e-09
7.945545000012863e-06	-1.106004e-09	-1.498330e-09
7.955785000013580e-06	-1.067191e-09	-1.445802e-09
7.966025000014296e-06	-1.029741e-09	-1.395117e-09
7.976265000015012e-06	-9.936049e-10	-1.346211e-09
7.986505000015729e-06	-9.587373e-10	-1.299022e-09
7.996745000016445e-06	-9.250941e-10	-1.253489e-09
7.999989999999999e-06	-9.146802e-10	-1.239394e-09
7.999999999966654e-06	-4.573217e-10	-9.830707e-10
7.999999999966664e-06	-3.048811e-10	-8.976455e-10
7.999999999966684e-06	1.241763e-09	5.149684e-10
7.999999999966725e-06	3.724733e-09	2.998182e-09
8.000000000000000e-06	-9.131327e-10	-1.239750e-09
8.000162166044436e-06	-2.950982e-09	6.349607e-10
8.000324332088870e-06	-6.518257e-09	3.969309e-09
8.000486498133306e-06	-1.161496e-08	8.763295e-09
8.000648664177740e-06	-1.824108e-08	1.501692e-08
8.000810830222176e-06	-2.639663e-08	2.273018e-08
8.000972996266610e-06	-3.608161e-08	3.190308e-08
8.001135162311046e-06	-4.729601e-08	4.253562e-08
8.001402305168208e-06	-6.021286e-08	5.503906e-08
8.001669448025369e-06	-7.147763e-08	6.597228e-08
8.001936590882531e-06	-8.109031e-08	7.533528e-08
8.002203733739693e-06	-8.905091e-08	8.312806e-08
8.002470876596855e-06	-9.535943e-08	8.935063e-08
8.002738019454015e-06	-1.000159e-07	9.400299e-08
8.003005162311177e-06	-1.030202e-07	9.708512e-08
8.003535162311214e-06	-1.078151e-07	1.018607e-07
8.004065162311251e-06	-1.118049e-07	1.058148e-07
8.004595162311288e-06	-1.149894e-07	1.089475e-07
8.005125162311326e-06	-1.173688e-07	1.112588e-07
8.005655162311363e-06	-1.189429e-07	1.127487e-07
8.006185162311400e-06	-1.197119e-07	1.134172e-07
8.006715162311437e-06	-1.196756e-07	1.132642e-07
8.006725162311437e-06	-1.196851e-07	1.132715e-07
8.016965162312154e-06	-1.218616e-07	1.130787e-07
8.027205162312870e-06	-1.228490e-07	1.117420e-07
8.037445162313586e-06	-1.238011e-07	1.104516e-07
8.047685162314303e-06	-1.247199e-07	1.092065e-07
8.057925162315019e-06	-1.256065e-07	1.080051e-07
8.068165162315735e-06	-1.264621e-07	1.068459e-07
8.078405162316452e-06	-1.272877e-07	1.057275e-07
8.088645162317168e-06	-1.280843e-07	1.046483e-07
8.098885162317885e-06	-1.288531e-07	1.036070e-07
8.109125162318601e-06	-1.295949e-07	1.026023e-07
8.119365162319317e-06	-1.303107e-07	1.016329e-07
8.129605162320034e-06	-1.310014e-07	1.006976e-07
8.139845162320750e-06	-1.316679e-07	9.979507e-08
8.150085162321466e-06	-1.323110e-07	9.892427e-08
8.160325162322183e-06	-1.329316e-07	9.808406e-08
8.170565162322899e-06	-1.335305e-07	9.727335e-08
8.180805162323615e-06	-1.341083e-07	9.649112e-08
8.191045162324332e-06	-1.346659e-07	9.573636e-08
8.201285162325048e-06	-1.352039e-07	9.500811e-08
8.211525162325764e-06	-1.357231e-07	9.430543e-08
8.221765162326481e-06	-1.362241e-07	9.362744e-08
8.232005162327197e-06	-1.367075e-07	9.297326e-08
8.242245162327913e-06	-1.371739e-07	9.234205e-08
8.252485162328630e-06	-1.376240e-07	9.173301e-08
8.262725162329346e-06	-1.380583e-07	9.114535e-08
8.272965162330062e-06	-1.384774e-07	9.057834e-08
8.283205162330779e-06	-1.388818e-07	9.003124e-08
8.293445162331495e-06	-1.392720e-07	8.950335e-08
8.303685162332211e-06	-1.396485e-07	8.899401e-08
8.313925162332928e-06	-1.400118e-07	8.850255e-08
8.324165162333644e-06	-1.403623e-07	8.802834e-08
8.334405162334360e-06	-1.407006e-07	8.757080e-08
8.344645162335077e-06	-1.410270e-07	8.712932e-08
8.354885162335793e-06	-1.413419e-07	8.670334e-08
8.365125162336509e-06	-1.416458e-07	8.629232e-08
8.375365162337226e-06	-1.419390e-07	8.589573e-08
8.385605162337942e-06	-1.422220e-07	8.551308e-08
8.395845162338658e-06	-1.424950e-07	8.514386e-08
8.406085162339375e-06	-1.427584e-07	8.478761e-08
8.416325162340091e-06	-1.430126e-07	8.444387e-08
8.426565162340807e-06	-1.432579e-07	8.411219e-08
8.436805162341524e-06	-1.434945e-07	8.379217e-08
8.447045162342240e-06	-1.437229e-07	8.348339e-08
8.457285162342957e-06	-1.439432e-07	8.318544e-08
8.467525162343673e-06	-1.441559e-07	8.289796e-08
8.477765162344389e-06	-1.443610e-07	8.262057e-08
8.488005162345106e-06	-1.445590e-07	8.235293e-08
8.498245162345822e-06	-1.447500e-07	8.209469e-08
8.508485162346538e-06	-1.449343e-07	8.184551e-08
8.518725162347255e-06	-1.451121e-07	8.160508e-08
8.528965162347971e-06	-1.452837e-07	8.137309e-08
8.539205162348687e-06	-1.454493e-07	8.114925e-08
8.549445162349404e-06	-1.456090e-07	8.093328e-08
8.559685162350120e-06	-1.457632e-07	8.072488e-08
8.569925162350836e-06	-1.459119e-07	8.052380e-08
8.580165162351553e-06	-1.460554e-07	8.032978e-08
8.590405162352269e-06	-1.461939e-07	8.014258e-08
8.600645162352985e-06	-1.463276e-07	7.996195e-08
8.610885162353702e-06	-1.464565e-07	7.978767e-08
8.621125162354418e-06	-1.465809e-07	7.961950e-08
8.631365162355134e-06	-1.467009e-07	7.945724e-08
8.641605162355851e-06	-1.468167e-07	7.930067e-08
8.651845162356567e-06	-1.469285e-07	7.914961e-08
8.662085162357283e-06	-1.470363e-07	7.900384e-08
8.672325162358000e-06	-1.471404e-07	7.886320e-08
8.682565162358716e-06	-1.472408e-07	7.872750e-08
8.692805162359432e-06	-1.473377e-07	7.859656e-08
8.703045162360149e-06	-1.474312e-07	7.847021e-08
8.713285162360865e-06	-1.475213e-07	7.834831e-08
8.723525162361581e-06	-1.476084e-07	7.823068e-08
8.733765162362298e-06	-1.476923e-07	7.811718e-08
8.744005162363014e-06	-1.477734e-07	7.800767e-08
8.754245162363730e-06	-1.478516e-07	7.790201e-08
8.764485162364447e-06	-1.479270e-07	7.780005e-08
8.774725162365163e-06	-1.479998e-07	7.770168e-08
8.784965162365879e-06	-1.480700e-07	7.760676e-08
8.795205162366596e-06	-1.481378e-07	7.751517e-08
8.805445162367312e-06	-1.482032e-07	7.742680e-08
8.815685162368029e-06	-1.482663e-07	7.734153e-08
8.825925162368745e-06	-1.483271e-07	7.725926e-08
8.836165162369461e-06	-1.483859e-07	7.717988e-08
8.846405162370178e-06	-1.484425e-07	7.710328e-08
8.856645162370894e-06	-1.484972e-07	7.702937e-08
8.866885162371610e-06	-1.485500e-07	7.695806e-08
8.877125162372327e-06	-1.486009e-07	7.688925e-08
8.887365162373043e-06	-1.486500e-07	7.682286e-08
8.897605162373759e-06	-1.486974e-07	7.675879e-08
8.907845162374476e-06	-1.487432e-07	7.669698e-08
8.918085162375192e-06	-1.487873e-07	7.663734e-08
8.928325162375908e-06	-1.488299e-07	7.657979e-08
8.938565162376625e-06	-1.488710e-07	7.652427e-08
8.948805162377341e-06	-1.489106e-07	7.647069e-08
8.959045162378057e-06	-1.489489e-07	7.641899e-08
8.969285162378774e-06	-1.489858e-07	7.636911e-08
8.979525162379490e-06	-1.490214e-07	7.632098e-08
8.989765162380206e-06	-1.490558e-07	7.627455e-08
9.000005162380923e-06	-1.490889e-07	7.622973e-08
9.000180981836192e-06	-1.495264e-07	7.663630e-08
9.000356801291460e-06	-1.496942e-07	7.679140e-08
9.000532620746729e-06	-1.495922e-07	7.669505e-08
9.000708440201996e-06	-1.492205e-07	7.634723e-08
9.000884259657266e-06	-1.485790e-07	7.574796e-08
9.001060079112533e-06	-1.476679e-07	7.489722e-08
9.001235898567802e-06	-1.464869e-07	7.379503e-08
9.001374239720672e-06	-1.421345e-07	6.973659e-08
9.001512580873541e-06	-1.369612e-07	6.488293e-08
9.001650922026411e-06	-1.309670e-07	5.923404e-08
9.001789263179278e-06	-1.241519e-07	5.278993e-08
9.001927604332148e-06	-1.165160e-07	4.555060e-08
9.002065945485017e-06	-1.080591e-07	3.751604e-08
9.002204286637887e-06	-9.878143e-08	2.868626e-08
9.002480000923621e-06	-8.629962e-08	1.656497e-08
9.002755715209354e-06	-7.543618e-08	5.989972e-09
9.003031429495088e-06	-6.619112e-08	-3.038719e-09
9.003307143780820e-06	-5.856444e-08	-1.052111e-08
9.003582858066555e-06	-5.255614e-08	-1.645720e-08
9.003858572352287e-06	-4.816622e-08	-2.084699e-08
9.004134286638022e-06	-4.539468e-08	-2.369048e-08
9.004728572352348e-06	-4.074388e-08	-2.830924e-08
9.005322858066676e-06	-3.690539e-08	-3.209773e-08
9.005917143781003e-06	-3.387922e-08	-3.505595e-08
9.006511429495331e-06	-3.166536e-08	-3.718388e-08
9.007105715209658e-06	-3.026381e-08	-3.848154e-08
9.007700000923986e-06	-2.967458e-08	-3.894892e-08
9.008294286638313e-06	-2.989766e-08	-3.858603e-08
9.010104286638439e-06	-2.915727e-08	-3.891387e-08
9.020344286639156e-06	-2.793508e-08	-3.775281e-08
9.030584286639872e-06	-2.695329e-08	-3.642831e-08
9.040824286640588e-06	-2.600615e-08	-3.515016e-08
9.051064286641305e-06	-2.509234e-08	-3.391684e-08
9.061304286642021e-06	-2.421068e-08	-3.272679e-08
9.071544286642737e-06	-2.336003e-08	-3.157849e-08
9.081784286643454e-06	-2.253930e-08	-3.047048e-08
9.092024286644170e-06	-2.174743e-08	-2.940133e-08
9.102264286644886e-06	-2.098342e-08	-2.836970e-08
9.112504286645603e-06	-2.024627e-08	-2.737426e-08
9.122744286646319e-06	-1.953504e-08	-2.641375e-08
9.132984286647035e-06	-1.884882e-08	-2.548693e-08
9.143224286647752e-06	-1.818673e-08	-2.459263e-08
9.153464286648468e-06	-1.754791e-08	-2.372971e-08
9.163704286649184e-06	-1.693155e-08	-2.289706e-08
9.173944286649901e-06	-1.633685e-08	-2.209363e-08
9.184184286650617e-06	-1.576307e-08	-2.131839e-08
9.194424286651333e-06	-1.520944e-08	-2.057035e-08
9.204664286652050e-06	-1.467528e-08	-1.984856e-08
9.214904286652766e-06	-1.415989e-08	-1.915209e-08
9.225144286653482e-06	-1.366261e-08	-1.848006e-08
9.235384286654199e-06	-1.318280e-08	-1.783161e-08
9.245624286654915e-06	-1.271986e-08	-1.720591e-08
9.255864286655631e-06	-1.227318e-08	-1.660217e-08
9.266104286656348e-06	-1.184220e-08	-1.601961e-08
9.276344286657064e-06	-1.142636e-08	-1.545750e-08
9.286584286657780e-06	-1.102513e-08	-1.491511e-08
9.296824286658497e-06	-1.063800e-08	-1.439175e-08
9.307064286659213e-06	-1.026447e-08	-1.388675e-08
9.317304286659930e-06	-9.904061e-09	-1.339948e-08
9.327544286660646e-06	-9.556311e-09	-1.292930e-08
9.337784286661362e-06	-9.220778e-09	-1.247562e-08
9.348024286662079e-06	-8.897032e-09	-1.203787e-08
9.358264286662795e-06	-8.584657e-09	-1.161547e-08
9.368504286663511e-06	-8.283253e-09	-1.120790e-08
9.378744286664228e-06	-7.992437e-09	-1.081463e-08
9.388984286664944e-06	-7.711835e-09	-1.043516e-08
9.399224286665660e-06	-7.441087e-09	-1.006900e-08
9.409464286666377e-06	-7.179849e-09	-9.715698e-09
9.419704286667093e-06	-6.927785e-09	-9.374792e-09
9.429944286667809e-06	-6.684574e-09	-9.045848e-09
9.440184286668526e-06	-6.449904e-09	-8.728447e-09
9.450424286669242e-06	-6.223475e-09	-8.422185e-09
9.460664286669958e-06	-6.004997e-09	-8.126671e-09
9.470904286670675e-06	-5.794192e-09	-7.841527e-09
9.481144286671391e-06	-5.590789e-09	-7.566388e-09
9.491384286672107e-06	-5.394528e-09	-7.300906e-09
9.501624286672824e-06	-5.205159e-09	-7.044740e-09
9.511864286673540e-06	-5.022440e-09	-6.797564e-09
9.522104286674256e-06	-4.846135e-09	-6.559062e-09
9.532344286674973e-06	-4.676022e-09	-6.328930e-09
9.542584286675689e-06	-4.511882e-09	-6.106875e-09
9.552824286676405e-06	-4.353504e-09	-5.892611e-09
9.563064286677122e-06	-4.200688e-09	-5.685867e-09
9.573304286677838e-06	-4.053237e-09	-5.486378e-09
9.583544286678554e-06	-3.910963e-09	-5.293892e-09
9.593784286679271e-06	-3.773684e-09	-5.108158e-09
9.604024286679987e-06	-3.641224e-09	-4.928944e-09
9.614264286680703e-06	-3.513416e-09	-4.756019e-09
9.624504286681420e-06	-3.390094e-09	-4.589163e-09
9.634744286682136e-06	-3.271102e-09	-4.428162e-09
9.644984286682852e-06	-3.156286e-09	-4.272811e-09
9.655224286683569e-06	-3.045503e-09	-4.122912e-09
9.665464286684285e-06	-2.938608e-09	-3.978275e-09
9.675704286685002e-06	-2.835466e-09	-3.838712e-09
9.685944286685718e-06	-2.735944e-09	-3.704048e-09
9.696184286686434e-06	-2.639917e-09	-3.574110e-09
9.706424286687151e-06	-2.547260e-09	-3.448732e-09
9.716664286687867e-06	-2.457856e-09	-3.327754e-09
9.726904286688583e-06	-2.371591e-09	-3.211022e-09
9.737144286689300e-06	-2.288353e-09	-3.098386e-09
9.747384286690016e-06	-2.208038e-09	-2.989704e-09
9.757624286690732e-06	-2.130543e-09	-2.884836e-09
9.767864286691449e-06	-2.055767e-09	-2.783647e-09
9.778104286692165e-06	-1.983616e-09	-2.686011e-09
9.788344286692881e-06	-1.913998e-09	-2.591800e-09
9.798584286693598e-06	-1.846824e-09	-2.500896e-09
9.808824286694314e-06	-1.782008e-09	-2.413183e-09
9.819064286695030e-06	-1.719467e-09	-2.328547e-09
9.829304286695747e-06	-1.659121e-09	-2.246882e-09
9.839544286696463e-06	-1.600894e-09	-2.168083e-09
9.849784286697179e-06	-1.544710e-09	-2.092050e-09
9.860024286697896e-06	-1.490498e-09	-2.018684e-09
9.870264286698612e-06	-1.438190e-09	-1.947894e-09
9.880504286699328e-06	-1.387718e-09	-1.879588e-09
9.890744286700045e-06	-1.339017e-09	-1.813680e-09
9.900984286700761e-06	-1.292025e-09	-1.750084e-09
9.911224286701477e-06	-1.246683e-09	-1.688720e-09
9.921464286702194e-06	-1.202932e-09	-1.629510e-09
9.931704286702910e-06	-1.160717e-09	-1.572378e-09
9.941944286703626e-06	-1.119984e-09	-1.517251e-09
9.952184286704343e-06	-1.080681e-09	-1.464059e-09
9.962424286705059e-06	-1.042757e-09	-1.412733e-09
9.972664286705775e-06	-1.006164e-09	-1.363209e-09
9.982904286706492e-06	-9.708563e-10	-1.315423e-09
9.993144286707208e-06	-9.367869e-10	-1.269314e-09
9.999989999999998e-06	-9.146764e-10	-1.239391e-09
9.999999999999999e-06	-9.146393e-10	-1.239342e-09
